0 0.474514
1 0.453991
2 0.385695
3 0.286266
4 0.265146
5 0.270753
6 0.278242
7 0.270739
8 0.244166
9 0.21328
10 0.199484
11 0.209309
12 0.211801
13 0.21056
14 0.209645
15 0.208754
16 0.207855
17 0.20697
18 0.206118
19 0.205309
20 0.20455
21 0.203841
22 0.203181
23 0.202569
24 0.202001
25 0.201473
26 0.200982
27 0.200525
28 0.200099
29 0.199701
30 0.199328
31 0.198978
32 0.19865
33 0.19834
34 0.198049
35 0.197773
36 0.197513
37 0.197266
38 0.197031
39 0.196809
40 0.196597
41 0.196395
42 0.196202
43 0.196018
44 0.195842
45 0.195674
46 0.195513
47 0.195358
48 0.19521
49 0.195068
50 0.194931
51 0.194799
52 0.194672
53 0.19455
54 0.194432
55 0.194318
56 0.194208
57 0.194102
58 0.193999
59 0.1939
60 0.193804
61 0.193711
62 0.19362
63 0.193533
64 0.193448
65 0.193366
66 0.193286
67 0.193208
68 0.193133
69 0.19306
70 0.192988
71 0.192919
72 0.192852
73 0.192786
74 0.192722
75 0.192659
76 0.192599
77 0.192539
78 0.192482
79 0.192425
80 0.19237
81 0.192316
82 0.192264
83 0.192213
84 0.192163
85 0.192114
86 0.192066
87 0.192019
88 0.191973
89 0.191928
90 0.191884
91 0.191842
92 0.1918
93 0.191758
94 0.191718
95 0.191679
96 0.19164
97 0.191602
98 0.191565
99 0.191528
100 0.191493
101 0.191458
102 0.191423
103 0.191389
104 0.191356
105 0.191324
106 0.191292
107 0.19126
108 0.19123
109 0.191199
110 0.19117
111 0.19114
112 0.191112
113 0.191083
114 0.191056
115 0.191028
116 0.191001
117 0.190975
118 0.190949
119 0.190923
120 0.190898
121 0.190874
122 0.190849
123 0.190825
124 0.190802
125 0.190778
126 0.190756
127 0.190733
128 0.190711
129 0.190689
130 0.190667
131 0.190646
132 0.190625
133 0.190605
134 0.190584
135 0.190564
136 0.190545
137 0.190525
138 0.190506
139 0.190487
140 0.190468
141 0.19045
142 0.190432
143 0.190414
144 0.190396
145 0.190379
146 0.190361
147 0.190344
148 0.190328
149 0.190311
150 0.190295
151 0.190279
152 0.190263
153 0.190247
154 0.190231
155 0.190216
156 0.190201
157 0.190186
158 0.190171
159 0.190156
160 0.190142
161 0.190128
162 0.190114
163 0.1901
164 0.190086
165 0.190072
166 0.190059
167 0.190046
168 0.190032
169 0.190019
170 0.190007
171 0.189994
172 0.189981
173 0.189969
174 0.189957
175 0.189944
176 0.189932
177 0.18992
178 0.189909
179 0.189897
180 0.189886
181 0.189874
182 0.189863
183 0.189852
184 0.189841
185 0.18983
186 0.189819
187 0.189808
188 0.189798
189 0.189787
190 0.189777
191 0.189766
192 0.189756
193 0.189746
194 0.189736
195 0.189726
196 0.189717
197 0.189707
198 0.189697
199 0.189688
200 0.189678
201 0.189669
202 0.18966
203 0.189651
204 0.189642
205 0.189633
206 0.189624
207 0.189615
208 0.189606
209 0.189598
210 0.189589
211 0.189581
212 0.189572
213 0.189564
214 0.189556
215 0.189547
216 0.189539
217 0.189531
218 0.189523
219 0.189515
220 0.189507
221 0.1895
222 0.189492
223 0.189484
224 0.189477
225 0.189469
226 0.189462
227 0.189454
228 0.189447
229 0.18944
230 0.189433
231 0.189425
232 0.189418
233 0.189411
234 0.189404
235 0.189397
236 0.189391
237 0.189384
238 0.189377
239 0.18937
240 0.189364
241 0.189357
242 0.189351
243 0.189344
244 0.189338
245 0.189331
246 0.189325
247 0.189319
248 0.189312
249 0.189306
250 0.1893
251 0.189294
252 0.189288
253 0.189282
254 0.189276
255 0.18927
256 0.189264
257 0.189258
258 0.189253
259 0.189247
260 0.189241
261 0.189235
262 0.18923
263 0.189224
264 0.189219
265 0.189213
266 0.189208
267 0.189202
268 0.189197
269 0.189192
270 0.189186
271 0.189181
272 0.189176
273 0.18917
274 0.189165
275 0.18916
276 0.189155
277 0.18915
278 0.189145
279 0.18914
280 0.189135
281 0.18913
282 0.189125
283 0.18912
284 0.189116
285 0.189111
286 0.189106
287 0.189101
288 0.189097
289 0.189092
290 0.189087
291 0.189083
292 0.189078
293 0.189074
294 0.189069
295 0.189064
296 0.18906
297 0.189056
298 0.189051
299 0.189047
300 0.189042
301 0.189038
302 0.189034
303 0.18903
304 0.189025
305 0.189021
306 0.189017
307 0.189013
308 0.189009
309 0.189004
310 0.189
311 0.188996
312 0.188992
313 0.188988
314 0.188984
315 0.18898
316 0.188976
317 0.188972
318 0.188969
319 0.188965
320 0.188961
321 0.188957
322 0.188953
323 0.188949
324 0.188946
325 0.188942
326 0.188938
327 0.188934
328 0.188931
329 0.188927
330 0.188923
331 0.18892
332 0.188916
333 0.188913
334 0.188909
335 0.188906
336 0.188902
337 0.188899
338 0.188895
339 0.188892
340 0.188888
341 0.188885
342 0.188881
343 0.188878
344 0.188875
345 0.188871
346 0.188868
347 0.188865
348 0.188861
349 0.188858
350 0.188855
351 0.188852
352 0.188848
353 0.188845
354 0.188842
355 0.188839
356 0.188836
357 0.188832
358 0.188829
359 0.188826
360 0.188823
361 0.18882
362 0.188817
363 0.188814
364 0.188811
365 0.188808
366 0.188805
367 0.188802
368 0.188799
369 0.188796
370 0.188793
371 0.18879
372 0.188787
373 0.188784
374 0.188781
375 0.188779
376 0.188776
377 0.188773
378 0.18877
379 0.188767
380 0.188764
381 0.188762
382 0.188759
383 0.188756
384 0.188753
385 0.188751
386 0.188748
387 0.188745
388 0.188743
389 0.18874
390 0.188737
391 0.188735
392 0.188732
393 0.188729
394 0.188727
395 0.188724
396 0.188721
397 0.188719
398 0.188716
399 0.188714
400 0.188711
401 0.188709
402 0.188706
403 0.188704
404 0.188701
405 0.188699
406 0.188696
407 0.188694
408 0.188691
409 0.188689
410 0.188686
411 0.188684
412 0.188682
413 0.188679
414 0.188677
415 0.188675
416 0.188672
417 0.18867
418 0.188667
419 0.188665
420 0.188663
421 0.18866
422 0.188658
423 0.188656
424 0.188654
425 0.188651
426 0.188649
427 0.188647
428 0.188645
429 0.188642
430 0.18864
431 0.188638
432 0.188636
433 0.188634
434 0.188631
435 0.188629
436 0.188627
437 0.188625
438 0.188623
439 0.188621
440 0.188618
441 0.188616
442 0.188614
443 0.188612
444 0.18861
445 0.188608
446 0.188606
447 0.188604
448 0.188602
449 0.1886
450 0.188598
451 0.188596
452 0.188594
453 0.188592
454 0.18859
455 0.188588
456 0.188586
457 0.188584
458 0.188582
459 0.18858
460 0.188578
461 0.188576
462 0.188574
463 0.188572
464 0.18857
465 0.188568
466 0.188566
467 0.188564
468 0.188562
469 0.18856
470 0.188558
471 0.188557
472 0.188555
473 0.188553
474 0.188551
475 0.188549
476 0.188547
477 0.188545
478 0.188544
479 0.188542
480 0.18854
481 0.188538
482 0.188536
483 0.188535
484 0.188533
485 0.188531
486 0.188529
487 0.188527
488 0.188526
489 0.188524
490 0.188522
491 0.18852
492 0.188519
493 0.188517
494 0.188515
495 0.188514
496 0.188512
497 0.18851
498 0.188508
499 0.188507
500 0.188505
501 0.188503
502 0.188502
503 0.1885
504 0.188498
505 0.188497
506 0.188495
507 0.188493
508 0.188492
509 0.18849
510 0.188489
511 0.188487
512 0.188485
513 0.188484
514 0.188482
515 0.188481
516 0.188479
517 0.188477
518 0.188476
519 0.188474
520 0.188473
521 0.188471
522 0.18847
523 0.188468
524 0.188466
525 0.188465
526 0.188463
527 0.188462
528 0.18846
529 0.188459
530 0.188457
531 0.188456
532 0.188454
533 0.188453
534 0.188451
535 0.18845
536 0.188448
537 0.188447
538 0.188445
539 0.188444
540 0.188443
541 0.188441
542 0.18844
543 0.188438
544 0.188437
545 0.188435
546 0.188434
547 0.188432
548 0.188431
549 0.18843
550 0.188428
551 0.188427
552 0.188425
553 0.188424
554 0.188423
555 0.188421
556 0.18842
557 0.188418
558 0.188417
559 0.188416
560 0.188414
561 0.188413
562 0.188412
563 0.18841
564 0.188409
565 0.188408
566 0.188406
567 0.188405
568 0.188404
569 0.188402
570 0.188401
571 0.1884
572 0.188398
573 0.188397
574 0.188396
575 0.188394
576 0.188393
577 0.188392
578 0.18839
579 0.188389
580 0.188388
581 0.188387
582 0.188385
583 0.188384
584 0.188383
585 0.188382
586 0.18838
587 0.188379
588 0.188378
589 0.188376
590 0.188375
591 0.188374
592 0.188373
593 0.188372
594 0.18837
595 0.188369
596 0.188368
597 0.188367
598 0.188365
599 0.188364
600 0.188363
601 0.188362
602 0.188361
603 0.188359
604 0.188358
605 0.188357
606 0.188356
607 0.188355
608 0.188354
609 0.188352
610 0.188351
611 0.18835
612 0.188349
613 0.188348
614 0.188347
615 0.188345
616 0.188344
617 0.188343
618 0.188342
619 0.188341
620 0.18834
621 0.188339
622 0.188337
623 0.188336
624 0.188335
625 0.188334
626 0.188333
627 0.188332
628 0.188331
629 0.18833
630 0.188329
631 0.188327
632 0.188326
633 0.188325
634 0.188324
635 0.188323
636 0.188322
637 0.188321
638 0.18832
639 0.188319
640 0.188318
641 0.188317
642 0.188316
643 0.188314
644 0.188313
645 0.188312
646 0.188311
647 0.18831
648 0.188309
649 0.188308
650 0.188307
651 0.188306
652 0.188305
653 0.188304
654 0.188303
655 0.188302
656 0.188301
657 0.1883
658 0.188299
659 0.188298
660 0.188297
661 0.188296
662 0.188295
663 0.188294
664 0.188293
665 0.188292
666 0.188291
667 0.18829
668 0.188289
669 0.188288
670 0.188287
671 0.188286
672 0.188285
673 0.188284
674 0.188283
675 0.188282
676 0.188281
677 0.18828
678 0.188279
679 0.188278
680 0.188277
681 0.188276
682 0.188275
683 0.188274
684 0.188273
685 0.188272
686 0.188271
687 0.188271
688 0.18827
689 0.188269
690 0.188268
691 0.188267
692 0.188266
693 0.188265
694 0.188264
695 0.188263
696 0.188262
697 0.188261
698 0.18826
699 0.188259
700 0.188259
701 0.188258
702 0.188257
703 0.188256
704 0.188255
705 0.188254
706 0.188253
707 0.188252
708 0.188251
709 0.18825
710 0.18825
711 0.188249
712 0.188248
713 0.188247
714 0.188246
715 0.188245
716 0.188244
717 0.188243
718 0.188243
719 0.188242
720 0.188241
721 0.18824
722 0.188239
723 0.188238
724 0.188237
725 0.188236
726 0.188236
727 0.188235
728 0.188234
729 0.188233
730 0.188232
731 0.188231
732 0.188231
733 0.18823
734 0.188229
735 0.188228
736 0.188227
737 0.188226
738 0.188226
739 0.188225
740 0.188224
741 0.188223
742 0.188222
743 0.188221
744 0.188221
745 0.18822
746 0.188219
747 0.188218
748 0.188217
749 0.188217
750 0.188216
751 0.188215
752 0.188214
753 0.188213
754 0.188213
755 0.188212
756 0.188211
757 0.18821
758 0.188209
759 0.188209
760 0.188208
761 0.188207
762 0.188206
763 0.188206
764 0.188205
765 0.188204
766 0.188203
767 0.188202
768 0.188202
769 0.188201
770 0.1882
771 0.188199
772 0.188199
773 0.188198
774 0.188197
775 0.188196
776 0.188196
777 0.188195
778 0.188194
779 0.188193
780 0.188193
781 0.188192
782 0.188191
783 0.18819
784 0.18819
785 0.188189
786 0.188188
787 0.188187
788 0.188187
789 0.188186
790 0.188185
791 0.188184
792 0.188184
793 0.188183
794 0.188182
795 0.188182
796 0.188181
797 0.18818
798 0.188179
799 0.188179
800 0.188178
801 0.188177
802 0.188177
803 0.188176
804 0.188175
805 0.188174
806 0.188174
807 0.188173
808 0.188172
809 0.188172
810 0.188171
811 0.18817
812 0.18817
813 0.188169
814 0.188168
815 0.188167
816 0.188167
817 0.188166
818 0.188165
819 0.188165
820 0.188164
821 0.188163
822 0.188163
823 0.188162
824 0.188161
825 0.188161
826 0.18816
827 0.188159
828 0.188159
829 0.188158
830 0.188157
831 0.188157
832 0.188156
833 0.188155
834 0.188155
835 0.188154
836 0.188153
837 0.188153
838 0.188152
839 0.188151
840 0.188151
841 0.18815
842 0.188149
843 0.188149
844 0.188148
845 0.188147
846 0.188147
847 0.188146
848 0.188146
849 0.188145
850 0.188144
851 0.188144
852 0.188143
853 0.188142
854 0.188142
855 0.188141
856 0.18814
857 0.18814
858 0.188139
859 0.188139
860 0.188138
861 0.188137
862 0.188137
863 0.188136
864 0.188135
865 0.188135
866 0.188134
867 0.188134
868 0.188133
869 0.188132
870 0.188132
871 0.188131
872 0.188131
873 0.18813
874 0.188129
875 0.188129
876 0.188128
877 0.188127
878 0.188127
879 0.188126
880 0.188126
881 0.188125
882 0.188124
883 0.188124
884 0.188123
885 0.188123
886 0.188122
887 0.188122
888 0.188121
889 0.18812
890 0.18812
891 0.188119
892 0.188119
893 0.188118
894 0.188117
895 0.188117
896 0.188116
897 0.188116
898 0.188115
899 0.188115
900 0.188114
901 0.188113
902 0.188113
903 0.188112
904 0.188112
905 0.188111
906 0.18811
907 0.18811
908 0.188109
909 0.188109
910 0.188108
911 0.188108
912 0.188107
913 0.188107
914 0.188106
915 0.188105
916 0.188105
917 0.188104
918 0.188104
919 0.188103
920 0.188103
921 0.188102
922 0.188102
923 0.188101
924 0.1881
925 0.1881
926 0.188099
927 0.188099
928 0.188098
929 0.188098
930 0.188097
931 0.188097
932 0.188096
933 0.188096
934 0.188095
935 0.188094
936 0.188094
937 0.188093
938 0.188093
939 0.188092
940 0.188092
941 0.188091
942 0.188091
943 0.18809
944 0.18809
945 0.188089
946 0.188089
947 0.188088
948 0.188088
949 0.188087
950 0.188087
951 0.188086
952 0.188085
953 0.188085
954 0.188084
955 0.188084
956 0.188083
957 0.188083
958 0.188082
959 0.188082
960 0.188081
961 0.188081
962 0.18808
963 0.18808
964 0.188079
965 0.188079
966 0.188078
967 0.188078
968 0.188077
969 0.188077
970 0.188076
971 0.188076
972 0.188075
973 0.188075
974 0.188074
975 0.188074
976 0.188073
977 0.188073
978 0.188072
979 0.188072
980 0.188071
981 0.188071
982 0.18807
983 0.18807
984 0.188069
985 0.188069
986 0.188068
987 0.188068
988 0.188067
989 0.188067
990 0.188066
991 0.188066
992 0.188065
993 0.188065
994 0.188064
995 0.188064
996 0.188064
997 0.188063
998 0.188063
999 0.188062
1000 0.188062
1001 0.188061
1002 0.188061
1003 0.18806
1004 0.18806
1005 0.188059
1006 0.188059
1007 0.188058
1008 0.188058
1009 0.188057
1010 0.188057
1011 0.188056
1012 0.188056
1013 0.188055
1014 0.188055
1015 0.188055
1016 0.188054
1017 0.188054
1018 0.188053
1019 0.188053
1020 0.188052
1021 0.188052
1022 0.188051
1023 0.188051
1024 0.18805
1025 0.18805
1026 0.18805
1027 0.188049
1028 0.188049
1029 0.188048
1030 0.188048
1031 0.188047
1032 0.188047
1033 0.188046
1034 0.188046
1035 0.188045
1036 0.188045
1037 0.188045
1038 0.188044
1039 0.188044
1040 0.188043
1041 0.188043
1042 0.188042
1043 0.188042
1044 0.188041
1045 0.188041
1046 0.188041
1047 0.18804
1048 0.18804
1049 0.188039
1050 0.188039
1051 0.188038
1052 0.188038
1053 0.188038
1054 0.188037
1055 0.188037
1056 0.188036
1057 0.188036
1058 0.188035
1059 0.188035
1060 0.188035
1061 0.188034
1062 0.188034
1063 0.188033
1064 0.188033
1065 0.188032
1066 0.188032
1067 0.188032
1068 0.188031
1069 0.188031
1070 0.18803
1071 0.18803
1072 0.188029
1073 0.188029
1074 0.188029
1075 0.188028
1076 0.188028
1077 0.188027
1078 0.188027
1079 0.188027
1080 0.188026
1081 0.188026
1082 0.188025
1083 0.188025
1084 0.188024
1085 0.188024
1086 0.188024
1087 0.188023
1088 0.188023
1089 0.188022
1090 0.188022
1091 0.188022
1092 0.188021
1093 0.188021
1094 0.18802
1095 0.18802
1096 0.18802
1097 0.188019
1098 0.188019
1099 0.188018
1100 0.188018
1101 0.188018
1102 0.188017
1103 0.188017
1104 0.188016
1105 0.188016
1106 0.188016
1107 0.188015
1108 0.188015
1109 0.188014
1110 0.188014
1111 0.188014
1112 0.188013
1113 0.188013
1114 0.188012
1115 0.188012
1116 0.188012
1117 0.188011
1118 0.188011
1119 0.188011
1120 0.18801
1121 0.18801
1122 0.188009
1123 0.188009
1124 0.188009
1125 0.188008
1126 0.188008
1127 0.188007
1128 0.188007
1129 0.188007
1130 0.188006
1131 0.188006
1132 0.188006
1133 0.188005
1134 0.188005
1135 0.188004
1136 0.188004
1137 0.188004
1138 0.188003
1139 0.188003
1140 0.188003
1141 0.188002
1142 0.188002
1143 0.188001
1144 0.188001
1145 0.188001
1146 0.188
1147 0.188
1148 0.188
1149 0.187999
1150 0.187999
1151 0.187998
1152 0.187998
1153 0.187998
1154 0.187997
1155 0.187997
1156 0.187997
1157 0.187996
1158 0.187996
1159 0.187995
1160 0.187995
1161 0.187995
1162 0.187994
1163 0.187994
1164 0.187994
1165 0.187993
1166 0.187993
1167 0.187993
1168 0.187992
1169 0.187992
1170 0.187992
1171 0.187991
1172 0.187991
1173 0.18799
1174 0.18799
1175 0.18799
1176 0.187989
1177 0.187989
1178 0.187989
1179 0.187988
1180 0.187988
1181 0.187988
1182 0.187987
1183 0.187987
1184 0.187987
1185 0.187986
1186 0.187986
1187 0.187986
1188 0.187985
1189 0.187985
1190 0.187984
1191 0.187984
1192 0.187984
1193 0.187983
1194 0.187983
1195 0.187983
1196 0.187982
1197 0.187982
1198 0.187982
1199 0.187981
1200 0.187981
1201 0.187981
1202 0.18798
1203 0.18798
1204 0.18798
1205 0.187979
1206 0.187979
1207 0.187979
1208 0.187978
1209 0.187978
1210 0.187978
1211 0.187977
1212 0.187977
1213 0.187977
1214 0.187976
1215 0.187976
1216 0.187976
1217 0.187975
1218 0.187975
1219 0.187975
1220 0.187974
1221 0.187974
1222 0.187974
1223 0.187973
1224 0.187973
1225 0.187973
1226 0.187972
1227 0.187972
1228 0.187972
1229 0.187971
1230 0.187971
1231 0.187971
1232 0.18797
1233 0.18797
1234 0.18797
1235 0.187969
1236 0.187969
1237 0.187969
1238 0.187968
1239 0.187968
1240 0.187968
1241 0.187967
1242 0.187967
1243 0.187967
1244 0.187967
1245 0.187966
1246 0.187966
1247 0.187966
1248 0.187965
1249 0.187965
1250 0.187965
1251 0.187964
1252 0.187964
1253 0.187964
1254 0.187963
1255 0.187963
1256 0.187963
1257 0.187962
1258 0.187962
1259 0.187962
1260 0.187961
1261 0.187961
1262 0.187961
1263 0.187961
1264 0.18796
1265 0.18796
1266 0.18796
1267 0.187959
1268 0.187959
1269 0.187959
1270 0.187958
1271 0.187958
1272 0.187958
1273 0.187957
1274 0.187957
1275 0.187957
1276 0.187957
1277 0.187956
1278 0.187956
1279 0.187956
1280 0.187955
1281 0.187955
1282 0.187955
1283 0.187954
1284 0.187954
1285 0.187954
1286 0.187953
1287 0.187953
1288 0.187953
1289 0.187953
1290 0.187952
1291 0.187952
1292 0.187952
1293 0.187951
1294 0.187951
1295 0.187951
1296 0.187951
1297 0.18795
1298 0.18795
1299 0.18795
1300 0.187949
1301 0.187949
1302 0.187949
1303 0.187948
1304 0.187948
1305 0.187948
1306 0.187948
1307 0.187947
1308 0.187947
1309 0.187947
1310 0.187946
1311 0.187946
1312 0.187946
1313 0.187946
1314 0.187945
1315 0.187945
1316 0.187945
1317 0.187944
1318 0.187944
1319 0.187944
1320 0.187944
1321 0.187943
1322 0.187943
1323 0.187943
1324 0.187942
1325 0.187942
1326 0.187942
1327 0.187942
1328 0.187941
1329 0.187941
1330 0.187941
1331 0.18794
1332 0.18794
1333 0.18794
1334 0.18794
1335 0.187939
1336 0.187939
1337 0.187939
1338 0.187938
1339 0.187938
1340 0.187938
1341 0.187938
1342 0.187937
1343 0.187937
1344 0.187937
1345 0.187936
1346 0.187936
1347 0.187936
1348 0.187936
1349 0.187935
1350 0.187935
1351 0.187935
1352 0.187935
1353 0.187934
1354 0.187934
1355 0.187934
1356 0.187933
1357 0.187933
1358 0.187933
1359 0.187933
1360 0.187932
1361 0.187932
1362 0.187932
1363 0.187932
1364 0.187931
1365 0.187931
1366 0.187931
1367 0.18793
1368 0.18793
1369 0.18793
1370 0.18793
1371 0.187929
1372 0.187929
1373 0.187929
1374 0.187929
1375 0.187928
1376 0.187928
1377 0.187928
1378 0.187928
1379 0.187927
1380 0.187927
1381 0.187927
1382 0.187926
1383 0.187926
1384 0.187926
1385 0.187926
1386 0.187925
1387 0.187925
1388 0.187925
1389 0.187925
1390 0.187924
1391 0.187924
1392 0.187924
1393 0.187924
1394 0.187923
1395 0.187923
1396 0.187923
1397 0.187923
1398 0.187922
1399 0.187922
1400 0.187922
1401 0.187922
1402 0.187921
1403 0.187921
1404 0.187921
1405 0.18792
1406 0.18792
1407 0.18792
1408 0.18792
1409 0.187919
1410 0.187919
1411 0.187919
1412 0.187919
1413 0.187918
1414 0.187918
1415 0.187918
1416 0.187918
1417 0.187917
1418 0.187917
1419 0.187917
1420 0.187917
1421 0.187916
1422 0.187916
1423 0.187916
1424 0.187916
1425 0.187915
1426 0.187915
1427 0.187915
1428 0.187915
1429 0.187914
1430 0.187914
1431 0.187914
1432 0.187914
1433 0.187913
1434 0.187913
1435 0.187913
1436 0.187913
1437 0.187912
1438 0.187912
1439 0.187912
1440 0.187912
1441 0.187911
1442 0.187911
1443 0.187911
1444 0.187911
1445 0.187911
1446 0.18791
1447 0.18791
1448 0.18791
1449 0.18791
1450 0.187909
1451 0.187909
1452 0.187909
1453 0.187909
1454 0.187908
1455 0.187908
1456 0.187908
1457 0.187908
1458 0.187907
1459 0.187907
1460 0.187907
1461 0.187907
1462 0.187906
1463 0.187906
1464 0.187906
1465 0.187906
1466 0.187905
1467 0.187905
1468 0.187905
1469 0.187905
1470 0.187905
1471 0.187904
1472 0.187904
1473 0.187904
1474 0.187904
1475 0.187903
1476 0.187903
1477 0.187903
1478 0.187903
1479 0.187902
1480 0.187902
1481 0.187902
1482 0.187902
1483 0.187902
1484 0.187901
1485 0.187901
1486 0.187901
1487 0.187901
1488 0.1879
1489 0.1879
1490 0.1879
1491 0.1879
1492 0.187899
1493 0.187899
1494 0.187899
1495 0.187899
1496 0.187899
1497 0.187898
1498 0.187898
1499 0.187898
1500 0.187898
